RESULT 100
result.mean                  0.001536754 -0.005515821  0.005209827 -0.007679942 -0.0009120696  0.006736674 -0.0003689823
result.median                0.009685335 -0.007751317  0.010472786 -0.011560556 -0.0105400062  0.008988563 -0.0058782069
result.quantile             -0.078615588 -0.076496313 -0.075594864 -0.082185587 -0.0715691398 -0.068277831 -0.0238710210
result.avrageOf10PercLowest -0.091200896 -0.088145659 -0.087507000 -0.092882868 -0.0867359856 -0.089006083 -0.0363328781
result.mb1                  -0.023040151 -0.030327146 -0.016888605 -0.032657686 -0.0272892325 -0.017573658 -0.0097345614
result.mb2                  -0.031078611 -0.038625932 -0.025115604 -0.041272488 -0.0349742253 -0.025654521 -0.0132207988

________________
RESULT 10K

________________
RESULT 1M

> print(t(fullResult))
                                     [,1]          [,2]          [,3]          [,4]
result.mean                  1.436313e-05 -7.559734e-05 -0.0000762757 -7.068001e-05
result.median               -2.466921e-05 -1.804372e-04 -0.0001493059 -7.938824e-05
result.quantile             -7.976857e-02 -8.003876e-02 -0.0799889415 -8.001153e-02
result.avrageOf10PercLowest -8.985900e-02 -9.001273e-02 -0.0899715164 -8.998977e-02
result.mb1                  -2.490171e-02 -2.507715e-02 -0.0250547150 -2.504897e-02
                                     [,5]          [,6]          [,7]
result.mean                  2.936046e-05  8.936906e-06 -3.280622e-05
result.median                2.450056e-05  1.095954e-05 -2.423244e-05
result.quantile             -7.988269e-02 -8.003650e-02 -3.143066e-02
result.avrageOf10PercLowest -8.994127e-02 -9.005084e-02 -4.207252e-02
result.mb1                  -2.494058e-02 -2.496544e-02 -9.759350e-03
